Baseline metrics:
accuracy: 0.8883495145631068
precision: 0.4883720930232558
recall: 0.4666666666666667
f1: 0.4772727272727273
roc_auc: 0.7033605812897367

Pruned (best) metrics:
accuracy: 0.9138349514563107
precision: 0.6727272727272727
recall: 0.4111111111111111
f1: 0.5103448275862069
roc_auc: 0.8913033605812898

Best params:
{'dt__ccp_alpha': 0.0013332674911750234, 'dt__max_depth': None, 'dt__min_samples_leaf': 10}